-6.218800016698082800e-01 4.398013696571160835e+01
2.851491607828086750e+00 5.049191958940900093e+01
2.648511636603607666e+00 4.619108407391114213e+01
2.294531820225690133e+00 4.884521295070865676e+01
6.799551248554935867e+00 4.856715388934765087e+01
-2.205391085166559240e+00 4.816565323458942061e+01
4.711544804655032337e+00 4.360120949709059346e+01
-4.131664115233091294e-01 4.628561436678614172e+01
1.797078067181251626e+00 4.361170423098918292e+01
9.206634749340373958e+00 4.219871477572559115e+01
5.785564993377614318e-01 4.883117100140478328e+01
4.582604555348247288e+00 4.809069888059701725e+01
4.966778199006578021e+00 4.570738939272550994e+01
